9 33
1 17 2 1 1 2 1
1 17 3 1 2 1 3 2 2
3 20 3 1 4 1 5 1 6
3 84 4 1 7 2 6 2 7 2 8
2 1 2 1 8 1 9
3 48 3 2 3 2 4 2 5
1 7 2 2 9 3 9
4 3 2 3 1 4 1 
2 1 2 3 2 4 2
1 9 2 3 3 4 3
1 17 3 3 4 4 4 5 4
1 13 3 3 5 3 6 4 5
2 8 2 3 7 3 8
3 180 4 4 6 4 7 5 5 5 6
2 1 2 4 8 4 9
1 12 3 5 1 5 2 6 2
3 112 4 5 3 6 3 7 3 8 3
3 432 3 5 7 6 6 6 7 
2 4 2 5 8 6 8
4 2 2 5 9 6 9
2 3 2 6 1 7 1 
2 8 2 6 4 6 5 
4 4 2 7 2 8 2
2 2 2 7 4 8 4
3 567 3 7 5 8 5 8 6
1 15 2 7 6 7 7 
1 13 3 7 8 7 9 8 9
0 6 1 8 1
3 50 3 8 7 8 8 9 8
2 2 2 9 1 9 2 
3 144 3 9 3 9 4 9 5
4 2 2 9 6 9 7
0 1 1 9 9