9 27
3 16 3 1 1 [8] 1 2 2 1 [2]
0 0 1 1 3 [9]
3 48 4 1 4 2 4 2 3 3 4
0 0 1 1 5 [6]
3 1200 5 1 6 1 7 2 6 2 5 3 5
3 6615 5 1 8 1 9 2 7 2 8 2 9
3 3024 5 2 2 3 1 3 2 3 3 4 1
0 0 1 5 1 [5]
1 6 2 4 2 5 2 [4]
6 3 2 4 3 4 4
1 25 4 3 6 3 7 3 8 4 7
0 0 1 3 9 [2]
1 18 4 4 5 4 6 5 5 6 5
1 18 3 5 6 5 7 6 7
3 216 4 4 8 4 9 5 8 6 8
1 7 2 5 9 6 9
3 90 3 5 3 5 4 6 4
0 0 1 7 4 [7]
1 27 5 6 1 7 1 6 2 6 3 7 2
3 27 2 8 1 8 2
1 26 4 9 1 9 2 9 3 9 4
3 126 4 7 3 8 3 8 4 8 5
0 0 1 9 5 [4]
3 192 5 6 6 7 6 8 6 9 6 7 5
1 17 5 8 7 8 8 9 7 9 8 7 8
0 0 1 7 7 [6]
3 432 3 9 9 8 9 7 9